param m:= 2;  # de camiones
param n:= 10; # de clientes
#param nl:= 4;  # de intervalos de tiempo
param t_days:= 5;  # de días
param p_num:= 7;  # de patrones
param D:= 50; # duración máxima del día de trabajo.

 	  	  
param tao := 
1 	1
2	1
3	1
4	1
5	1
6	1
7	1
8	1
9	1
10	1
11	1
;
	
param e :=
1	0
2	0
3	0
4	0
5	0
6	0
7	0
8	0
9	0
10	0
11	0
;

param L := 
2	40
3	40
4	40
5	40
6	40
7	40
8	40
9	40
10	40
11	40
;

	
param d:	1	2	3	4	5	6	7	8	9	10	11	12:=
1	0.00	2.78	3.50	4.09	4.28	4.49	1.31	2.19	3.08	2.48	1.86	0.00
2	2.78	0.00	6.23	6.75	1.55	1.78	3.37	4.52	3.64	4.32	4.58	2.78
3	3.50	6.23	0.00	0.76	7.76	7.98	3.07	2.12	4.62	4.07	1.64	3.50
4	4.09	6.75	0.76	0.00	8.29	8.52	3.46	2.38	4.75	4.83	2.23	4.09
5	4.28	1.55	7.76	8.29	0.00	0.24	4.92	6.07	4.97	5.43	6.11	4.28
6	4.49	1.78	7.98	8.52	0.24	0.00	5.16	6.31	5.21	5.57	6.33	4.49
7	1.31	3.37	3.07	3.46	4.92	5.16	0.00	1.15	2.03	3.63	1.57	1.31
8	2.19	4.52	2.12	2.38	6.07	6.31	1.15	0.00	2.51	4.04	1.12	2.19
9	3.08	3.64	4.62	4.75	4.97	5.21	2.03	2.51	0.00	5.55	3.45	3.08
10	2.48	4.32	4.07	4.83	5.43	5.57	3.63	4.04	5.55	0.00	3.07	2.48
11	1.86	4.58	1.64	2.23	6.11	6.33	1.57	1.12	3.45	3.07	0.00	1.86
12	0.00	2.78	3.50	4.09	4.28	4.49	1.31	2.19	3.08	2.48	1.86	0.00
;


      
param a:1	2	3	4	5:=
1	1	0	0	0	0
2	0	1	0	0	0
3	0	0	1	0	0
4	0	0	0	1	0
5	0	0	0	0	1
6	0	1	0	1	0
7	0	0	1	0	1; 

param nv :=
 2  2
 3  2
 4  2
 5  2
 6  2
 7	2
 8 	2
 9	2
 10 2
 11	2;

#SUBCONJUNTOS
set subcl1:=;
set subcl2:=2 3 4 5 6 7 8 9 10 11;
#Patrones de visita para clientes en subcl2. o sea. con frecuencia 2 (2 veces por semana). 

set L1:=1 2 3 4 5 ;
set L2:= 6 7; 
# 